6
6
6
6
6
6
0
0
6
6
0
0
0
6
0
6
7
7
0
0
7
7
0
7
6
0
4
4
7
6
4
4
4
7
7
6
0
10
10
10
10
2
2
2
4
2
2
4
10
0
7
6
6
0
3
3
3
1
3
3
5
1
1
1
1
1
1
1
4
4
4
0
0
3
8
8
8
8
2
2
2
10
10
4
7
3
8
2
2
1
3
4
8
10
10
10
10
1
9
9
9
9
5
2
3
3
8
8
10
9
5
5
5
2
3
1
8
10
9
5
5
5
5
5
5
2
3
7
7
7
7
7
8
5
9
9
4
4
4
10
10
9
1
2
2
3
8
5
1
1
1
9
8
3
3
5
5
8
9
9
8
8
9
9
9
4
4
4
4
4
4
8
4
6
4
4
8
8
8
4
6
6
8
8
8
6
6
8
4
8
4
8
6
6
6
6
9
9
9
9
8
6
9
9
4
8
9
6
6
4
4
9
8
9
8
8
6
9
5
5
5
5
6
6
9
5
9
5
5
5
9
5
9
9
5
5
5
0
5
10
10
10
5
5
7
7
7
10
10
7
7
3
0
0
0
7
10
1
0
0
0
0
0
0
0
7
7
1
1
1
1
2
0
7
1
7
3
0
1
7
7
0
0
10
10
10
10
10
10
7
2
2
2
2
2
2
2
2
2
1
1
3
3
7
7
1
1
2
1
10
3
3
3
3
3
3
3
3
3
3
3
10
10
1
2
2
2
2
1
1
0
0
0
0
0
0
0
0
0
0
0
0
0
0
0
2
2
2
2
2
2
2
2
1
2
2
6
6
6
3
3
3
1
2
4
3
3
8
8
6
6
6
8
3
8
8
3
6
6
8
4
4
4
5
5
5
5
7
7
3
7
7
2
2
6
8
4
4
4
